%YAML:1.0
---
ICP2FitnessScore: 8.7148064655768465e-02
Global_transformation_ICP1: !!opencv-matrix
   rows: 4
   cols: 4
   dt: d
   data: [ -2.9970043897628784e-01, -8.5738253593444824e-01,
       4.1841804981231689e-01, 1.3125379383563995e-01,
       -9.2574131488800049e-01, 1.5533709526062012e-01,
       -3.4477952122688293e-01, 1.1929115295410156e+01,
       2.3061223328113556e-01, -4.9067777395248413e-01,
       -8.4026944637298584e-01, 4.8502736091613770e+00, 0., 0., 0., 1. ]
