%YAML:1.0
---
ICP2FitnessScore: 9.2016334761316959e-02
Global_transformation_ICP1: !!opencv-matrix
   rows: 4
   cols: 4
   dt: d
   data: [ -2.9670578241348267e-01, -8.3802765607833862e-01,
       4.5790347456932068e-01, -1.6399636864662170e-02,
       -9.2477452754974365e-01, 1.3251920044422150e-01,
       -3.5669383406639099e-01, 1.1918039321899414e+01,
       2.3823848366737366e-01, -5.2929037809371948e-01,
       -8.1430572271347046e-01, 4.6628937721252441e+00, 0., 0., 0., 1. ]
