%YAML:1.0
---
ICP2FitnessScore: 5.9586323635186247e-02
Global_transformation_ICP1: !!opencv-matrix
   rows: 4
   cols: 4
   dt: d
   data: [ 2.9403617978096008e-01, -6.5681731700897217e-01,
       6.9435691833496094e-01, -9.7784590721130371e-01,
       -9.5182979106903076e-01, -1.3513609766960144e-01,
       2.7523726224899292e-01, 3.3793997764587402e+00,
       -8.6948171257972717e-02, -7.4184030294418335e-01,
       -6.6491460800170898e-01, 4.4750289916992188e+00, 0., 0., 0., 1. ]
