%YAML:1.0
---
ICP2FitnessScore: 5.7384744765917695e-01
Global_transformation_ICP1: !!opencv-matrix
   rows: 4
   cols: 4
   dt: d
   data: [ 3.4634622931480408e-01, 7.7349925041198730e-01,
       -5.3079491853713989e-01, 9.1792650222778320e+00,
       9.1014927625656128e-01, -1.3995686173439026e-01,
       3.8992503285408020e-01, 2.7561693191528320e+00,
       2.2731877863407135e-01, -6.1815053224563599e-01,
       -7.5247347354888916e-01, 4.0690584182739258e+00, 0., 0., 0., 1. ]
