%YAML:1.0
---
ICP2FitnessScore: 7.6759160722912320e-02
Global_transformation_ICP1: !!opencv-matrix
   rows: 4
   cols: 4
   dt: d
   data: [ 3.0316203832626343e-01, -9.5060920715332031e-01,
       -6.6578507423400879e-02, 3.1329622268676758e+00,
       -8.5484236478805542e-01, -3.0216449499130249e-01,
       4.2182698845863342e-01, 2.9743938446044922e+00,
       -4.2111033201217651e-01, -7.0967942476272583e-02,
       -9.0422809123992920e-01, 4.8566923141479492e+00, 0., 0., 0., 1. ]
