%YAML:1.0
---
ICP2FitnessScore: 4.9446357572767274e-01
ICP1_transformation: !!opencv-matrix
   rows: 4
   cols: 4
   dt: d
   data: [ 7.8291511535644531e-01, 5.3161078691482544e-01,
       -3.2316216826438904e-01, 5.4555358886718750e+00,
       -4.4991189241409302e-01, 8.4257042407989502e-01,
       2.9606530070304871e-01, -3.2192428112030029e+00,
       4.2967855930328369e-01, -8.6399585008621216e-02,
       8.9883911609649658e-01, 3.3152985572814941e+00, 0., 0., 0., 1. ]
