%YAML:1.0
---
ICP2FitnessScore: 4.4176817591190570e-01
Global_transformation_ICP1: !!opencv-matrix
   rows: 4
   cols: 4
   dt: d
   data: [ -3.3546113967895508e-01, 4.9151614308357239e-01,
       8.0366492271423340e-01, -1.2938621044158936e+00,
       9.2815053462982178e-01, 2.6418631896376610e-02,
       3.7126573920249939e-01, 6.9226360321044922e+00,
       1.6125127673149109e-01, 8.7046825885772705e-01,
       -4.6506255865097046e-01, 6.6503763198852539e+00, 0., 0., 0., 1. ]
