%YAML:1.0
---
Global_transformation: !!opencv-matrix
   rows: 4
   cols: 4
   dt: d
   data: [ -9.2031257227063179e-03, -7.8285574913024902e-01,
       6.2213510274887085e-01, 5.0000000000000000e-01,
       -9.9990761280059814e-01, 9.8289083689451218e-04,
       -1.3554634526371956e-02, 5.0500001907348633e+00,
       9.9998321384191513e-03, -6.2220233678817749e-01,
       -7.8279244899749756e-01, 4.4000000953674316e+00, 0., 0., 0., 1. ]
