%YAML:1.0
---
depthShift: -4.8261389542661362e+01
