%YAML:1.0
---
cameraMatrix: !!opencv-matrix
   rows: 3
   cols: 3
   dt: d
   data: [ 3.6132107459995171e+02, 0., 2.5339372026316894e+02, 0.,
       3.6059585382560272e+02, 2.0612523534749491e+02, 0., 0., 1. ]
distortionCoefficients: !!opencv-matrix
   rows: 1
   cols: 5
   dt: d
   data: [ 7.9565904527030856e-02, -2.5345445127482008e-01,
       1.4805626538202453e-05, 1.4252535882563024e-04,
       8.9554819114826323e-02 ]
rotation: !!opencv-matrix
   rows: 3
   cols: 3
   dt: d
   data: [ 1., 0., 0., 0., 1., 0., 0., 0., 1. ]
projection: !!opencv-matrix
   rows: 4
   cols: 4
   dt: d
   data: [ 3.6132107459995171e+02, 0., 2.5339372026316894e+02, 0., 0.,
       3.6059585382560272e+02, 2.0612523534749491e+02, 0., 0., 0., 1.,
       0., 0., 0., 0., 1. ]
