%YAML:1.0
---
rotation: !!opencv-matrix
   rows: 3
   cols: 3
   dt: d
   data: [ 9.9990764387630127e-01, -1.3534590958382334e-02,
       -1.2323008290061087e-03, 1.3532838438142340e-02,
       9.9990741928825633e-01, -1.4195548972453255e-03,
       1.2513998365954583e-03, 1.4027472646315120e-03,
       9.9999823314771941e-01 ]
translation: !!opencv-matrix
   rows: 3
   cols: 1
   dt: d
   data: [ -5.5496156273733235e-02, -1.0378472179029387e-03,
       2.8816631059156651e-02 ]
essential: !!opencv-matrix
   rows: 3
   cols: 3
   dt: d
   data: [ -3.9126957429401634e-04, -2.8815419032289159e-02,
       -9.9693859443807727e-04, 2.8883417547706597e-02,
       -3.1217423277375890e-04, 5.5460547461879596e-02,
       2.8673084956657032e-04, -5.5505065237657990e-02,
       7.7500900429666443e-05 ]
fundamental: !!opencv-matrix
   rows: 3
   cols: 3
   dt: d
   data: [ 1.0573748951087913e-06, 7.8027990218595654e-05,
       -1.5378017831803851e-02, -7.8130472916520329e-05,
       8.4613856934581886e-07, -3.4582883846382105e-02,
       4.1815150489749327e-02, 8.5774615496801057e-02, 1. ]
