%YAML:1.0
---
cameraMatrix: !!opencv-matrix
   rows: 3
   cols: 3
   dt: d
   data: [ 1.0642252195643143e+03, 0., 9.4460349747549287e+02, 0.,
       1.0631990723920130e+03, 5.5853474600244670e+02, 0., 0., 1. ]
distortionCoefficients: !!opencv-matrix
   rows: 1
   cols: 5
   dt: d
   data: [ 8.6747427447504397e-02, -1.5466717533992588e-01,
       -2.5969024229170506e-06, 8.9313038851403606e-04,
       7.0864524139390969e-02 ]
rotation: !!opencv-matrix
   rows: 3
   cols: 3
   dt: d
   data: [ 1., 0., 0., 0., 1., 0., 0., 0., 1. ]
projection: !!opencv-matrix
   rows: 4
   cols: 4
   dt: d
   data: [ 1.0642252195643143e+03, 0., 9.4460349747549287e+02, 0., 0.,
       1.0631990723920130e+03, 5.5853474600244670e+02, 0., 0., 0., 1.,
       0., 0., 0., 0., 1. ]
