%YAML:1.0
---
ICP2FitnessScore: 1.8433542458698313e-01
Global_transformation_ICP1: !!opencv-matrix
   rows: 4
   cols: 4
   dt: d
   data: [ 1.9293680787086487e-02, 7.0943486690521240e-01,
       -7.0450693368911743e-01, 9.1432409286499023e+00,
       9.9950903654098511e-01, 3.6949415225535631e-03,
       3.1093409284949303e-02, 7.6732993125915527e+00,
       2.4661896750330925e-02, -7.0476096868515015e-01,
       -7.0901632308959961e-01, 3.9498503208160400e+00, 0., 0., 0., 1. ]
